0 0.256801 0.480799 0.037445 0.044069
0 0.333766 0.480903 0.044563 0.039056
0 0.379320 0.480500 0.040953 0.032778
0 0.375617 0.521556 0.043844 0.045167
0 0.173742 0.401139 0.018203 0.015417
0 0.189055 0.395167 0.016016 0.017083
0 0.218297 0.406833 0.021875 0.022333
0 0.261324 0.415354 0.023680 0.018486
0 0.297434 0.420653 0.030102 0.026833
0 0.344438 0.402479 0.038000 0.021736
0 0.467789 0.422639 0.036641 0.023472
0 0.544887 0.461083 0.051664 0.037583
0 0.532637 0.587083 0.054180 0.062472
0 0.663418 0.969542 0.110305 0.060917
0 0.702742 0.502632 0.054359 0.050653
0 0.876859 0.931986 0.154875 0.136028
0 0.343449 0.423333 0.036070 0.021667
0 0.418711 0.433681 0.039453 0.039306
0 0.597602 0.826569 0.094047 0.139778
0 0.498109 0.628722 0.066484 0.102194
0 0.766156 0.642278 0.077375 0.085111
0 0.920125 0.651618 0.100234 0.102764
0 0.628617 0.510549 0.052250 0.047597
0 0.650879 0.573160 0.051320 0.038792
0 0.308668 0.521285 0.039961 0.057486
0 0.543602 0.499618 0.047516 0.055069
0 0.467348 0.447799 0.040352 0.032264
0 0.369398 0.587653 0.046719 0.076750
0 0.443539 0.502944 0.049437 0.066778
0 0.401004 0.677424 0.060992 0.114903
0 0.657918 0.699174 0.088586 0.113542
0 0.240707 0.921076 0.108227 0.157847
0 0.238406 0.403931 0.018672 0.019861
0 0.202781 0.450750 0.019484 0.028389
0 0.250898 0.446514 0.036797 0.029861
