0 0.264629 0.481146 0.041133 0.041847
0 0.256844 0.551007 0.040266 0.054292
0 0.374828 0.439535 0.036250 0.031653
0 0.408797 0.437639 0.030937 0.029861
0 0.249328 0.398014 0.027188 0.020000
0 0.211594 0.400403 0.026562 0.018056
0 0.184203 0.388097 0.021203 0.021389
0 0.778336 0.426111 0.046328 0.047222
0 0.586484 0.524049 0.046406 0.043653
0 0.575605 0.479750 0.052039 0.050222
0 0.346230 0.491111 0.044648 0.053361
0 0.453641 0.522215 0.047187 0.055931
0 0.306184 0.413299 0.020102 0.019597
0 0.613719 0.476444 0.036594 0.034639
0 0.386320 0.626479 0.060344 0.094069
0 0.456922 0.587201 0.055906 0.070347
0 0.276934 0.604681 0.046836 0.076667
0 0.785410 0.561993 0.099039 0.095264
0 0.850078 0.562396 0.061766 0.079153
0 0.718422 0.604090 0.064609 0.080347
0 0.528711 0.726479 0.068359 0.103097
0 0.429441 0.939333 0.140336 0.121333
0 0.818895 0.929167 0.163383 0.141667
0 0.482750 0.440764 0.040453 0.027917
0 0.482926 0.471910 0.041492 0.029542
