0 0.292254 0.506646 0.039008 0.062097
0 0.328020 0.540569 0.038570 0.061361
0 0.332715 0.486021 0.040352 0.046042
0 0.732742 0.792722 0.114125 0.154444
0 0.387098 0.634535 0.082305 0.192681
0 0.432113 0.570000 0.035617 0.066194
0 0.433176 0.511028 0.050102 0.064111
0 0.371633 0.478007 0.037875 0.035931
0 0.261121 0.487250 0.034258 0.037278
0 0.261047 0.455250 0.034687 0.035833
0 0.290156 0.439556 0.041219 0.038250
0 0.259625 0.409424 0.030125 0.026403
0 0.213660 0.405049 0.024164 0.025847
0 0.399258 0.415278 0.042656 0.029889
0 0.195957 0.388889 0.022602 0.021694
0 0.293238 0.778486 0.072430 0.150000
0 0.737738 0.492535 0.051555 0.051847
0 0.748547 0.577972 0.070609 0.064361
0 0.544289 0.733528 0.073797 0.110306
0 0.301063 0.596229 0.042797 0.074347
0 0.897281 0.460250 0.070922 0.064389
0 0.508844 0.566375 0.054641 0.063167
0 0.251699 0.551090 0.041086 0.049458
0 0.913605 0.577306 0.082945 0.086500
0 0.322051 0.417250 0.041477 0.034167
