0 0.576258 0.483083 0.050875 0.052889
0 0.877773 0.645674 0.082687 0.071264
0 0.443699 0.462826 0.037523 0.034097
0 0.488012 0.436063 0.036820 0.036847
0 0.372430 0.411118 0.032078 0.026458
0 0.310152 0.403972 0.030555 0.020889
0 0.242477 0.410681 0.036516 0.032472
0 0.265301 0.399861 0.021070 0.021528
0 0.210348 0.404792 0.019602 0.021528
0 0.222785 0.389785 0.027836 0.026236
0 0.177254 0.394708 0.018305 0.016917
0 0.229840 0.451681 0.039227 0.036139
0 0.264016 0.483840 0.036422 0.037653
0 0.236715 0.521646 0.036430 0.055514
0 0.422359 0.543625 0.057687 0.071722
0 0.495445 0.551722 0.052484 0.047806
0 0.672910 0.963271 0.116711 0.073458
0 0.313867 0.422437 0.029781 0.026819
0 0.362777 0.434583 0.033664 0.034167
0 0.246949 0.909687 0.098727 0.158403
0 0.461129 0.448257 0.027023 0.034347
0 0.409402 0.675194 0.059086 0.113833
0 0.284801 0.690958 0.060633 0.132806
0 0.340656 0.542938 0.051359 0.061986
0 0.850840 0.694007 0.089523 0.083181
0 0.521508 0.653722 0.071312 0.110250
0 0.267227 0.587076 0.047422 0.076542
0 0.700340 0.598917 0.066695 0.071306
0 0.715336 0.513646 0.055375 0.059792
0 0.456187 0.604014 0.051344 0.077194
0 0.774734 0.870417 0.118641 0.148306
