0 0.323371 0.445993 0.039695 0.042597
0 0.386109 0.485500 0.039859 0.038083
0 0.378816 0.512604 0.044523 0.059736
0 0.461324 0.521278 0.054758 0.068111
0 0.231172 0.470736 0.033438 0.031750
0 0.544312 0.584590 0.060344 0.076653
0 0.328555 0.539153 0.042109 0.063583
0 0.778332 0.642958 0.087617 0.117111
0 0.990824 0.642319 0.018023 0.057972
0 0.438078 0.582187 0.048578 0.062819
0 0.623305 0.679708 0.078016 0.101861
0 0.292566 0.503799 0.040148 0.049764
0 0.842543 0.615944 0.072773 0.069472
0 0.616543 0.497646 0.051570 0.059653
0 0.285625 0.625569 0.053938 0.103528
0 0.736105 0.518403 0.052773 0.050639
0 0.700043 0.537701 0.057023 0.058625
0 0.476270 0.632667 0.059898 0.081889
0 0.552844 0.472118 0.052297 0.055625
0 0.262273 0.898542 0.121719 0.191667
0 0.407070 0.451833 0.029609 0.031000
0 0.173305 0.377382 0.066797 0.075569
0 0.228148 0.409208 0.022812 0.025000
0 0.254164 0.401993 0.027656 0.020292
0 0.263266 0.416368 0.024922 0.016236
0 0.296703 0.406854 0.031172 0.019736
0 0.340984 0.420396 0.031641 0.023292
0 0.372188 0.443958 0.032094 0.029889
0 0.464266 0.455861 0.034453 0.026111
0 0.515625 0.435042 0.044531 0.034861
0 0.561281 0.450479 0.039344 0.035597
0 0.661043 0.469688 0.046070 0.034847
0 0.237398 0.442986 0.038203 0.025972
0 0.271520 0.438688 0.034727 0.024958
0 0.274863 0.464639 0.034258 0.032306
