0 0.536195 0.439125 0.039359 0.029083
0 0.314234 0.418306 0.031063 0.028444
0 0.375996 0.413479 0.025867 0.021986
0 0.382555 0.437111 0.047953 0.045222
0 0.471496 0.426597 0.045023 0.042056
0 0.444844 0.466056 0.038063 0.035139
0 0.499746 0.487222 0.051023 0.041194
0 0.181539 0.418889 0.013016 0.019667
0 0.214652 0.436687 0.037805 0.030875
0 0.262742 0.446590 0.038781 0.034236
0 0.240523 0.467160 0.035203 0.034236
0 0.202086 0.475514 0.032094 0.045806
0 0.236836 0.519708 0.037094 0.042056
0 0.346633 0.466382 0.035609 0.027625
0 0.341547 0.492764 0.038781 0.043056
0 0.329340 0.546993 0.043445 0.061292
0 0.277293 0.591438 0.044945 0.059236
0 0.286043 0.634549 0.044805 0.069292
0 0.546855 0.585063 0.070758 0.095458
0 0.678410 0.965111 0.107195 0.069778
0 0.843840 0.962799 0.054039 0.074403
0 0.591086 0.532083 0.049516 0.046667
0 0.811191 0.676153 0.085023 0.082917
0 0.682719 0.721694 0.086203 0.128083
0 0.522504 0.693181 0.066523 0.116250
0 0.676910 0.580743 0.062211 0.066819
0 0.929129 0.608486 0.083602 0.075306
0 0.397578 0.657521 0.069687 0.137236
0 0.610254 0.474090 0.050336 0.051625
0 0.447281 0.573403 0.053781 0.065833
0 0.979398 0.580125 0.041125 0.071694
0 0.936516 0.692208 0.085641 0.076556
0 0.282738 0.782111 0.078508 0.169556
0 0.663152 0.476292 0.043758 0.030861
0 0.171676 0.392556 0.015586 0.021194
0 0.189668 0.397854 0.021023 0.019903
0 0.233910 0.400549 0.030227 0.029375
0 0.262617 0.414118 0.029500 0.026403
