0 0.970234 0.725014 0.059531 0.084972
0 0.396699 0.429840 0.020930 0.020986
0 0.352063 0.438153 0.024984 0.019639
0 0.245195 0.468882 0.037844 0.045958
0 0.502848 0.649896 0.069930 0.107847
0 0.555629 0.460847 0.035242 0.038972
0 0.485961 0.466681 0.033984 0.043111
0 0.835090 0.689382 0.090305 0.084542
0 0.559059 0.775174 0.082117 0.124764
0 0.765852 0.602361 0.068687 0.075500
0 0.825617 0.553174 0.072453 0.071042
0 0.281836 0.652715 0.057266 0.099875
0 0.323359 0.524674 0.047531 0.073236
0 0.460469 0.467375 0.035781 0.043306
0 0.314090 0.478875 0.040180 0.032111
0 0.384656 0.485951 0.045500 0.040819
0 0.263012 0.545813 0.043258 0.060986
0 0.231535 0.932896 0.091742 0.134208
0 0.434352 0.949292 0.123219 0.101417
0 0.322559 0.421785 0.029758 0.025153
0 0.305094 0.405389 0.025313 0.024861
0 0.272168 0.408931 0.029164 0.028389
0 0.204563 0.397653 0.036734 0.025667
0 0.615309 0.505528 0.050305 0.050194
0 0.631707 0.482542 0.052758 0.041306
0 0.621633 0.455646 0.047500 0.038347
