0 0.287227 0.405201 0.025625 0.023792
0 0.201379 0.401139 0.023945 0.020167
0 0.175824 0.392056 0.020445 0.017917
0 0.218391 0.400896 0.011766 0.017681
0 0.255621 0.460181 0.032320 0.029389
0 0.244375 0.433583 0.037656 0.029389
0 0.722699 0.548438 0.064523 0.070153
0 0.595125 0.528715 0.048922 0.060597
0 0.839027 0.618604 0.091758 0.080875
0 0.499820 0.556868 0.065250 0.073042
0 0.532348 0.674667 0.070008 0.105194
0 0.491508 0.462472 0.038531 0.040222
0 0.325922 0.421000 0.028766 0.024167
0 0.385883 0.427257 0.018484 0.024042
0 0.365398 0.436319 0.035703 0.033778
0 0.431250 0.424875 0.034219 0.029028
0 0.516867 0.441681 0.047172 0.041639
0 0.835035 0.555965 0.082617 0.066819
0 0.971750 0.722979 0.056500 0.091375
0 0.248789 0.519514 0.048359 0.081250
0 0.290145 0.594792 0.080758 0.174583
0 0.353301 0.470444 0.048555 0.056167
0 0.626020 0.499549 0.052102 0.053181
0 0.447813 0.457743 0.046500 0.048264
0 0.440617 0.581764 0.052109 0.067083
0 0.342871 0.543014 0.040086 0.067778
