0 0.633168 0.561049 0.050555 0.051542
0 0.382117 0.624201 0.050766 0.077236
0 0.239656 0.521167 0.040266 0.063167
0 0.307414 0.529340 0.047016 0.072653
0 0.985582 0.636264 0.028383 0.087583
0 0.830715 0.612056 0.071617 0.062139
0 0.423809 0.421687 0.037070 0.034153
0 0.507133 0.464465 0.040359 0.037986
0 0.273965 0.839493 0.085648 0.135764
0 0.853082 0.942514 0.107055 0.108250
0 0.189484 0.397056 0.021641 0.021667
0 0.234727 0.399597 0.016359 0.020250
0 0.252898 0.406028 0.029734 0.031167
0 0.598258 0.640542 0.072203 0.088861
0 0.433051 0.898049 0.104977 0.203903
0 0.294848 0.465854 0.041789 0.046375
0 0.344828 0.492910 0.040750 0.044069
0 0.342187 0.412813 0.027859 0.021653
0 0.566785 0.449764 0.045742 0.037222
0 0.563875 0.492014 0.048531 0.038667
0 0.664727 0.520410 0.050547 0.048042
0 0.336746 0.430292 0.024164 0.020583
0 0.861156 0.704514 0.106687 0.097917
