0 0.462691 0.950951 0.114289 0.098097
0 0.965617 0.707667 0.064375 0.065278
0 0.762918 0.409319 0.037430 0.050444
0 0.497332 0.481389 0.042758 0.038750
0 0.686523 0.742688 0.090188 0.116347
0 0.271941 0.832722 0.080508 0.161889
0 0.275813 0.707993 0.062688 0.101264
0 0.608117 0.889674 0.110719 0.182292
0 0.768801 0.568944 0.067367 0.067306
0 0.814422 0.519597 0.059906 0.057917
0 0.772852 0.652861 0.078312 0.090583
0 0.635223 0.557438 0.058961 0.051931
0 0.236867 0.531840 0.038797 0.049653
0 0.270965 0.485500 0.043195 0.048528
0 0.308301 0.466542 0.041727 0.044806
0 0.192234 0.399007 0.017172 0.015264
0 0.238566 0.407833 0.025758 0.024389
0 0.265027 0.407090 0.026039 0.026375
0 0.318328 0.407625 0.027500 0.017500
0 0.398094 0.447375 0.035937 0.027778
0 0.427781 0.437278 0.040781 0.034583
0 0.598023 0.462049 0.038359 0.053264
0 0.477988 0.603181 0.063242 0.085250
0 0.378820 0.613285 0.059781 0.090014
0 0.326355 0.422465 0.034852 0.024653
0 0.556906 0.465972 0.054938 0.056667
