0 0.438336 0.444604 0.032766 0.032847
0 0.453434 0.958403 0.122820 0.083194
0 0.208047 0.482569 0.031719 0.054306
0 0.733047 0.623826 0.072344 0.069597
0 0.744719 0.560118 0.056312 0.055875
0 0.655785 0.519792 0.052648 0.038750
0 0.241773 0.466326 0.039328 0.049708
0 0.347957 0.432056 0.036539 0.028667
0 0.197250 0.435778 0.018672 0.030556
0 0.221195 0.425250 0.032656 0.028556
0 0.427668 0.503993 0.044523 0.047292
0 0.220039 0.399562 0.029922 0.021014
0 0.663445 0.494014 0.048000 0.033750
0 0.507133 0.445035 0.113562 0.130875
0 0.866848 0.720812 0.096039 0.097514
0 0.620637 0.550562 0.052273 0.055542
0 0.267316 0.539250 0.040164 0.069194
0 0.560852 0.510090 0.048672 0.048569
0 0.502387 0.554028 0.049195 0.056472
0 0.396125 0.691528 0.059344 0.093444
0 0.779273 0.545604 0.044672 0.039958
0 0.289469 0.501903 0.037484 0.041806
0 0.368594 0.511458 0.048172 0.052639
