0 0.507781 0.426021 0.107406 0.085764
0 0.322184 0.477368 0.041867 0.033986
0 0.373328 0.512875 0.041719 0.043806
0 0.625488 0.878590 0.122273 0.184069
0 0.470430 0.972458 0.107703 0.055083
0 0.258340 0.947222 0.095070 0.105556
0 0.651812 0.440285 0.124187 0.089736
0 0.258871 0.551736 0.041852 0.074306
0 0.565293 0.474993 0.051898 0.044458
0 0.332496 0.538458 0.043039 0.059417
0 0.709703 0.551840 0.060687 0.062014
0 0.955594 0.604542 0.060469 0.071000
0 0.682031 0.497563 0.052500 0.052875
0 0.800590 0.506889 0.063258 0.047667
0 0.778430 0.655236 0.084578 0.071583
0 0.301055 0.650069 0.051656 0.093056
0 0.424316 0.566549 0.052336 0.080403
0 0.821996 0.559021 0.068773 0.055764
0 0.567648 0.521674 0.055547 0.045014
0 0.205930 0.394257 0.027234 0.027319
0 0.248828 0.406625 0.028797 0.025389
0 0.283137 0.401660 0.028680 0.020875
0 0.294934 0.424569 0.036305 0.025389
0 0.363488 0.412868 0.024805 0.024097
0 0.343035 0.433521 0.026992 0.025819
0 0.388156 0.431271 0.030750 0.032347
0 0.278805 0.490812 0.045141 0.044958
